240 4 77347000.000000000
240 9 156914000.000000000
240 16 198990000.000000000
240 25 315365000.000000000
240 36 509398000.000000000
480 4 689700000.000000000
480 9 591590000.000000119
480 16 1100838000.000000000
480 25 1039067000.000000000
480 36 1684807000.000000238
720 4 1632019000.000000000
720 9 1771279000.000000000
720 16 3956453000.000000000
720 25 2217023000.000000000
720 36 2744924000.000000000
960 4 3440011000.000000000
960 9 4012133999.999999523
960 16 4119364000.000000000
960 25 4467337000.000000000
960 36 5507669000.000000000
1200 4 6568906000.000000000
1200 9 7565802000.000000000
1200 16 7295371000.000000000
1200 25 8173012999.999999046
1200 36 9249509000.000000000
