240 4 68240000.000000000
240 9 133178000.000000015
240 16 193179000.000000000
240 25 252622000.000000000
240 36 343122999.999999940
480 4 409563000.000000000
480 9 736462000.000000000
480 16 728474000.000000000
480 25 1051714000.000000000
480 36 1203116000.000000000
720 4 1596185000.000000000
720 9 1918282000.000000000
720 16 2192737000.000000000
720 25 2906793000.000000000
720 36 2599807000.000000000
960 4 3430875000.000000000
960 9 3402095000.000000000
960 16 3814859000.000000000
960 25 4299634000.000000000
960 36 5095553000.000000000
1200 4 6645199000.000000000
1200 9 9220555000.000000000
1200 16 7249429000.000000000
1200 25 8978361000.000000000
1200 36 8969986000.000000000
